$ 1 0.000005 10.20027730826997 50 5 43 5e-11
162 192 160 240 160 2 default-led 1 1 1 0.01
162 192 208 240 208 2 default-led 1 1 1 0.01
162 192 336 240 336 2 default-led 1 0 0 0.01
162 192 384 240 384 2 default-led 1 0 0 0.01
r 144 336 192 336 0 1000
r 144 384 192 384 0 1000
r 192 160 144 160 0 1000
r 192 208 144 208 0 1000
w 240 336 240 384 0
w 240 160 240 208 0
R 112 256 112 224 0 0 40 5 0 0 0.5
w 240 160 272 160 0
t 80 272 112 272 0 -1 -0.6325938992037807 -0.665414031318039 100 default
w 0 160 144 160 0
w 0 384 0 160 0
w 0 384 144 384 0
g 272 192 272 208 0 0
t 304 176 272 176 0 1 0.6325938992037814 0.6654140313180397 100 default
w 144 336 144 208 0
w 112 336 144 336 0
r 304 176 352 176 0 1000
L 352 176 368 176 0 1 false 5 0
r 80 272 32 272 0 1000
L 32 272 16 272 0 0 false 5 0
w 272 336 240 336 0
w -32 384 0 384 0
w 112 288 112 336 0
L 352 352 368 352 0 1 false 5 0
r 304 352 352 352 0 1000
t 304 352 272 352 0 1 0.6325938992037813 0.6654140313180397 100 default
g 272 368 272 384 0 0
w -32 288 -32 384 0
L -112 272 -128 272 0 0 false 5 0
r -64 272 -112 272 0 1000
t -64 272 -32 272 0 -1 -0.6325938992037852 -0.6654140313180426 100 default
R -32 256 -32 224 0 0 40 5 0 0 0.5
x 11 302 43 305 4 24 left
x -137 303 -91 306 4 24 right
x 361 206 409 209 4 24 front
x 360 381 402 384 4 24 rear
